5.1 13238.1
5.10201 13321.6
5.10401 13403.4
5.10602 13481.5
5.10803 13553.9
5.11003 13618.5
5.11204 13672.9
5.11405 13715.2
5.11605 13743.3
5.11806 13755
5.12007 13748.6
5.12207 13722.4
5.12408 13674.9
5.12609 13604.9
5.12809 13511.4
5.1301 13393.7
5.13211 13251.6
5.13411 13085
5.13612 12894.3
5.13813 12680.1
5.14013 12443.6
5.14214 12186.1
5.14415 11909.4
5.14615 11615.5
5.14816 11306.6
5.15017 10985.3
5.15217 10654.3
5.15418 10316.5
5.15619 9975.01
5.15819 9632.8
5.1602 9293
5.16221 8958.67
5.16421 8632.8
5.16622 8318.24
5.16823 8017.67
5.17023 7733.53
5.17224 7468.02
5.17425 7223.05
5.17625 7000.19
5.17826 6800.69
5.18027 6625.41
5.18227 6474.86
5.18428 6349.15
5.18629 6248.06
5.18829 6170.98
5.1903 6116.96
5.19231 6084.75
5.19431 6072.8
5.19632 6079.29
5.19833 6102.23
5.20033 6139.42
5.20234 6188.54
5.20435 6247.21
5.20635 6312.99
5.20836 6383.47
5.21037 6456.3
5.21237 6529.24
5.21438 6600.2
5.21639 6667.25
5.21839 6728.71
5.2204 6783.12
5.22241 6829.3
5.22441 6866.34
5.22642 6893.65
5.22843 6910.92
5.23043 6918.11
5.23244 6915.51
5.23445 6903.64
5.23645 6883.3
5.23846 6855.48
5.24047 6821.39
5.24247 6782.38
5.24448 6739.93
5.24649 6695.61
5.24849 6651.02
5.2505 6607.77
5.25251 6567.43
5.25452 6531.5
5.25652 6501.36
5.25853 6478.26
5.26054 6463.28
5.26254 6457.28
5.26455 6460.92
5.26656 6474.64
5.26856 6498.62
5.27057 6532.8
5.27258 6576.89
5.27458 6630.34
5.27659 6692.42
5.2786 6762.16
5.2806 6838.44
5.28261 6919.95
5.28462 7005.29
5.28662 7092.96
5.28863 7181.38
5.29064 7268.99
5.29264 7354.22
5.29465 7435.54
5.29666 7511.52
5.29866 7580.84
5.30067 7642.34
5.30268 7695
5.30468 7738.03
5.30669 7770.82
5.3087 7792.99
5.3107 7804.41
5.31271 7805.17
5.31472 7795.6
5.31672 7776.24
5.31873 7747.87
5.32074 7711.45
5.32274 7668.11
5.32475 7619.14
5.32676 7565.97
5.32876 7510.09
5.33077 7453.09
5.33278 7396.56
5.33478 7342.1
5.33679 7291.26
5.3388 7245.55
5.3408 7206.34
5.34281 7174.91
5.34482 7152.35
5.34682 7139.59
5.34883 7137.39
5.35084 7146.26
5.35284 7166.51
5.35485 7198.24
5.35686 7241.31
5.35886 7295.36
5.36087 7359.82
5.36288 7433.93
5.36488 7516.74
5.36689 7607.14
5.3689 7703.88
5.3709 7805.58
5.37291 7910.79
5.37492 8018.01
5.37692 8125.67
5.37893 8232.25
5.38094 8336.22
5.38294 8436.12
5.38495 8530.58
5.38696 8618.33
5.38896 8698.21
5.39097 8769.25
5.39298 8830.6
5.39498 8881.6
5.39699 8921.78
5.399 8950.84
5.401 8968.69
5.40301 8975.4
5.40502 8971.23
5.40702 8956.61
5.40903 8932.12
5.41104 8898.48
5.41304 8856.54
5.41505 8807.24
5.41706 8751.62
5.41906 8690.75
5.42107 8625.77
5.42308 8557.82
5.42508 8488.03
5.42709 8417.51
5.4291 8347.32
5.4311 8278.47
5.43311 8211.85
5.43512 8148.32
5.43712 8088.57
5.43913 8033.22
5.44114 7982.76
5.44314 7937.56
5.44515 7897.86
5.44716 7863.8
5.44916 7835.38
5.45117 7812.53
5.45318 7795.06
5.45518 7782.68
5.45719 7775.07
5.4592 7771.8
5.4612 7772.43
5.46321 7776.47
5.46522 7783.43
5.46722 7792.81
5.46923 7804.11
5.47124 7816.88
5.47324 7830.69
5.47525 7845.15
5.47726 7859.96
5.47926 7874.85
5.48127 7889.63
5.48328 7904.18
5.48528 7918.45
5.48729 7932.48
5.4893 7946.37
5.4913 7960.27
5.49331 7974.41
5.49532 7989.06
5.49732 8004.55
5.49933 8021.23
5.50134 8039.47
5.50334 8059.67
5.50535 8082.22
5.50736 8107.5
5.50936 8135.86
5.51137 8167.64
5.51338 8203.12
5.51538 8242.54
5.51739 8286.07
5.5194 8333.81
5.5214 8385.81
5.52341 8442.03
5.52542 8502.34
5.52742 8566.55
5.52943 8634.39
5.53144 8705.51
5.53344 8779.47
5.53545 8855.78
5.53746 8933.9
5.53946 9013.22
5.54147 9093.09
5.54348 9172.82
5.54548 9251.7
5.54749 9329.01
5.5495 9404.04
5.55151 9476.05
5.55351 9544.38
5.55552 9608.34
5.55753 9667.33
5.55953 9720.78
5.56154 9768.19
5.56355 9809.13
5.56555 9843.25
5.56756 9870.29
5.56957 9890.06
5.57157 9902.49
5.57358 9907.58
5.57559 9905.44
5.57759 9896.27
5.5796 9880.38
5.58161 9858.13
5.58361 9830.02
5.58562 9796.57
5.58763 9758.41
5.58963 9716.21
5.59164 9670.7
5.59365 9622.66
5.59565 9572.88
5.59766 9522.18
5.59967 9471.38
5.60167 9421.3
5.60368 9372.74
5.60569 9326.45
5.60769 9283.17
5.6097 9243.56
5.61171 9208.23
5.61371 9177.7
5.61572 9152.43
5.61773 9132.76
5.61973 9118.96
5.62174 9111.2
5.62375 9109.53
5.62575 9113.92
5.62776 9124.21
5.62977 9140.17
5.63177 9161.44
5.63378 9187.61
5.63579 9218.16
5.63779 9252.5
5.6398 9289.98
5.64181 9329.91
5.64381 9371.54
5.64582 9414.1
5.64783 9456.83
5.64983 9498.95
5.65184 9539.7
5.65385 9578.35
5.65585 9614.25
5.65786 9646.76
5.65987 9675.34
5.66187 9699.53
5.66388 9718.97
5.66589 9733.39
5.66789 9742.64
5.6699 9746.67
5.67191 9745.55
5.67391 9739.47
5.67592 9728.73
5.67793 9713.74
5.67993 9695.02
5.68194 9673.15
5.68395 9648.84
5.68595 9622.84
5.68796 9595.96
5.68997 9569.06
5.69197 9543
5.69398 9518.68
5.69599 9496.95
5.69799 9478.65
5.7 9464.56
