30
5 7321.46 19807 0
5.03448 6462.77 -67.6948 -2410.94
5.06897 6671.45 -346.067 -1257.95
5.10345 6799.14 -370.026 -748.976
5.13793 7678.74 -410.832 -542.462
5.17241 7267.03 97.5663 -165.781
5.2069 8149.58 5.8644 -230.06
5.24138 8925.87 -321.972 -611.501
5.27586 7778.01 -221.642 -202.604
5.31034 7951.56 -97.7611 -2.5829
5.34483 8249.64 -236.261 -69.0771
5.37931 9497.87 -177.981 108.203
5.41379 9788.16 -183.958 -261.28
5.44828 9097.83 -124.926 -55.2112
5.48276 9630.91 0 0
5.51724 9535.83 0 0
5.55172 9823.47 0 0
5.58621 10609.5 0 0
5.62069 10026.8 0 0
5.65517 11160.7 0 0
5.68966 12068.6 0 0
5.72414 11082.3 0 0
5.75862 11034.6 0 0
5.7931 11395.5 0 0
5.82759 13316.1 0 0
5.86207 13909.9 0 0
5.89655 13074.6 0 0
5.93103 12701.5 0 0
5.96552 13274.6 0 0
6 12821.1 0 0
